<svg xmlns="http://www.w3.org/2000/svg"
     xmlns:xlink="http://www.w3.org/1999/xlink"
     lang="en-GB"
     viewBox="0 0 629.33 629.33">

<title>User Icon</title>

<defs>
<style type="text/css"><![CDATA[

rect {
  width: 629.33px;
  height: 629.33px;
  fill: rgb(255, 0, 0);
}

path {
  fill: rgb(255, 255, 255);
  stroke-width: 1.33;
}

]]></style>

</defs>

<rect x="0" y="0"></rect>

<path d="M 107.86539,627.35703 C 57.616535,617.2052 18.043995,579.95187 4.8011348,530.33305 l -2.93574,-10.99974 V 314.66665 110 l 3.09393,-11.33334 C 12.870475,69.68745 30.038615,43.9477 53.198725,26.34256 64.537775,17.7232 85.663165,7.4661697 99.865395,3.6844597 L 111.19873,0.66666968 H 315.86538 520.53204 L 531.86538,3.6844597 C 546.0676,7.4661697 567.193,17.7232 578.53204,26.34256 c 23.16012,17.60514 40.32825,43.34489 48.2394,72.3241 L 629.86537,110 v 204.66665 204.66666 l -2.93573,10.99974 c -7.63909,28.62242 -25.25132,55.06307 -48.3976,72.6577 -10.75384,8.17452 -31.88372,18.55916 -46,22.60748 l -10.66666,3.05903 -202.66666,0.22536 c -162.75276,0.18097 -204.3735,-0.11948 -211.33333,-1.52559 z m 443.52049,-69.43908 c 6.76655,-5.54466 16.59028,-18.8448 20.28414,-27.46221 7.18873,-16.77063 6.97824,-9.73019 6.57124,-219.78908 l -0.37588,-194 -3.69208,-10.43711 C 565.42424,81.49691 549.47858,65.75373 522.89911,55.60646 l -7.7004,-2.93979 -194.27405,-0.36349 C 104.1655,51.89763 116.37595,51.41226 96.532065,61.22299 c -18.51079,9.15165 -31.66413,24.3407 -38.97459,45.00656 l -3.69208,10.43711 -0.37588,194 c -0.41649,214.95792 -0.85308,203.22199 8.26813,222.25476 4.04263,8.43555 19.28097,27.07856 22.13335,27.07856 0.57925,0 2.9873,-3.45 5.35123,-7.66667 5.69265,-10.15428 23.181365,-27.26117 37.478435,-36.6602 27.48286,-18.06749 60.52845,-31.67574 99.78347,-41.09107 11.76311,-2.82139 13.07694,-3.4813 18.96366,-9.52496 4.38421,-4.50111 6.94973,-8.59755 8.36125,-13.35066 3.08688,-10.39465 2.62708,-14.53445 -2.35259,-21.18137 -12.78672,-17.06784 -20.62472,-33.63061 -26.22849,-55.42446 -1.16772,-4.54142 -2.13224,-5.72004 -5.23942,-6.4025 -4.91795,-1.08016 -8.25115,-4.80701 -13.14563,-14.6981 -9.61837,-19.43744 -13.80111,-39.4556 -11.00105,-52.65005 0.9188,-4.32958 2.77817,-9.06084 4.13193,-10.51394 2.39332,-2.56893 2.39179,-2.8443 -0.0557,-9.95826 -8.77206,-25.49639 -9.35599,-59.17917 -1.51643,-87.46921 11.62401,-41.94666 37.70816,-72.90035 70.11046,-83.19912 29.15923,-9.26799 66.96557,-2.20802 85.65952,15.9961 l 6.34048,6.17434 13.33333,0.14505 c 11.98603,0.13039 14.20908,0.562 22,4.27132 20.01212,9.52795 32.95291,30.87999 39.51789,65.20377 3.46063,18.09318 3.16896,55.69128 -0.5678,73.19499 -2.60465,12.20069 -2.65893,13.50048 -0.72041,17.24917 3.16336,6.11725 3.78089,23.61962 1.30155,36.88917 -2.63856,14.12175 -10.26478,29.69628 -19.9128,40.66667 -5.30783,6.03532 -8.13602,10.93836 -11.51612,19.96473 -4.6702,12.47147 -9.49944,22.0409 -20.2164,40.06001 -10.63652,17.88387 -11.65136,28.28429 -3.56673,36.55344 5.319,5.4404 6.795,6.02444 29.01415,11.48068 48.91122,12.01088 91.21652,33.1645 115.97685,57.99112 5.51274,5.52748 12.12315,13.75964 14.68982,18.29368 2.56666,4.53402 4.90486,8.26153 5.19601,8.28334 0.29113,0.0219 3.13716,-2.09725 6.32449,-4.70904 z" />
</svg>
