<svg xmlns="http://www.w3.org/2000/svg"
     xmlns:xlink="http://www.w3.org/1999/xlink"
     viewBox="0 0 1333.3333 384">

<defs>

<style type="text/css"><![CDATA[

svg {
background-color: rgb(228, 0, 59);
}

rect {
fill: rgb(255, 255, 255);
}

path {
fill: rgb(228, 0, 59);
stroke-width: 0.35277778;
}

]]></style>
</defs>


<rect x="12" y="42" width="1333.3333" height="274" />
<path d="M 1.3647218,192 V 1.8086297e-6 H 668.03137 1334.698 V 192 384 H 668.03137 1.3647218 Z M 745.3647,305.24817 c 4.76667,-0.7691 8.86667,-1.96457 9.11111,-2.6566 0.24445,-0.69202 1.44445,-1.26584 2.66666,-1.27513 4.06166,-0.0308 17.5854,-7.77119 23.61048,-13.51345 9.6428,-9.19018 16.22771,-20.2629 20.73339,-34.86382 5.15328,-16.69953 5.00768,-15.86941 6.00303,-34.22612 1.09738,-20.23852 -1.00051,-37.63176 -6.56192,-54.40364 -7.91034,-23.85568 -20.34408,-37.94 -40.67867,-46.07878 -9.12691,-3.65298 -14.74607,-4.99237 -23.81747,-5.67717 -12.60757,-0.95175 -39.40602,1.4166 -40.17771,3.55075 -0.24446,0.67602 -1.28814,1.22912 -2.31931,1.22912 -4.53017,0 -19.21153,7.18088 -23.29497,11.39392 -2.45542,2.53335 -5.21639,4.60608 -6.13548,4.60608 -1.2815,0 -1.76451,-7.43527 -2.07178,-31.8914 -0.22038,-17.540268 -0.73126,-32.220838 -1.13529,-32.623478 -1.10857,-1.10479 -33.98863,-1.3529 -35.74128,-0.2697 -1.12424,0.69482 -1.52412,31.1529 -1.52412,116.087558 0,63.33008 0.36419,116.09466 0.80932,117.25464 0.62825,1.63722 2.8388,2.10905 9.88105,2.10905 h 9.07175 l 2.66924,-5.66667 c 1.46809,-3.11666 3.06019,-7.57521 3.53799,-9.90786 1.5535,-7.58431 3.86785,-8.02827 11.0072,-2.11151 7.04846,5.84145 16.58177,11.56809 21.69012,13.02923 1.83333,0.52438 5.13333,1.76417 7.33333,2.75508 9.55593,4.30412 38.10669,5.9294 55.33333,3.1499 z m -41.33333,-31.50125 c -19.71988,-3.29279 -33.60523,-14.31807 -38.30315,-30.41359 -3.22576,-11.05172 -4.62576,-32.81821 -3.05088,-47.43309 1.94508,-18.05021 3.2193,-22.59568 8.76407,-31.26355 8.91441,-13.93546 20.02469,-18.64521 43.92329,-18.61944 22.67715,0.0244 32.79772,4.08687 42.26749,16.9662 7.03044,9.56172 9.22512,20.47699 9.16971,45.60543 -0.0657,29.80145 -2.16428,38.96727 -11.37204,49.66917 -10.65627,12.38547 -31.80916,18.75986 -51.39849,15.48887 z m 237.33333,31.55109 c 4.76666,-0.74168 9.86666,-1.89054 11.33333,-2.55304 1.46667,-0.66249 5.66667,-2.27612 9.33333,-3.58584 7.98437,-2.85198 14.80437,-6.66092 19.31967,-10.79005 1.8259,-1.66967 3.7408,-3.03575 4.2554,-3.03575 1.3234,0 12.239,-14.43093 15.05197,-19.89933 9.2672,-18.01568 13.7811,-45.60053 11.3619,-69.434 -1.658,-16.33415 -2.709,-22.74255 -4.1463,-25.28205 -0.6385,-1.12822 -2.3866,-5.44562 -3.8847,-9.59424 -1.498,-4.14864 -4.18397,-9.54864 -5.96877,-12 -1.7849,-2.45138 -4.7593,-6.68995 -6.6099,-9.41904 -1.8506,-2.72911 -5.0617,-5.83955 -7.1358,-6.91209 -2.074,-1.07255 -4.5836,-2.92921 -5.5768,-4.12591 -4.9266,-5.93619 -27.52036,-13.66252 -45.67017,-15.61771 -15.12595,-1.62944 -43.4624,6e-4 -48.54099,2.7923 -1.35052,0.74239 -5.63189,2.33879 -9.51413,3.54756 -9.75624,3.0377 -17.11131,7.43514 -24.94137,14.91195 -11.76632,11.23548 -15.38968,16.86699 -19.96662,31.03256 -1.30318,4.03334 -2.9255,8.78111 -3.60516,10.55063 -2.69581,7.01867 -4.14188,33.12861 -2.6833,48.44937 1.55638,16.34815 8.46106,39.96076 13.52229,46.24348 1.51671,1.88275 4.21373,5.60058 5.99341,8.26183 1.77967,2.66124 5.37408,6.16019 7.98758,7.77541 2.61349,1.61523 4.7518,3.41743 4.7518,4.0049 0,1.29125 11.94216,7.11673 19.33333,9.43093 2.93333,0.91844 5.63333,2.11392 6,2.65664 2.20865,3.26909 44.03484,5.07563 60,2.59149 z m -40.14032,-32.46336 c -9.60303,-2.06684 -21.91694,-9.53177 -25.57044,-15.50132 -1.57086,-2.56666 -3.58819,-5.41914 -4.48295,-6.33885 -6.26553,-6.44013 -9.0071,-55.14339 -4.03392,-71.66115 5.04171,-16.74529 16.11252,-28.06893 31.37736,-32.09394 9.64923,-2.5443 29.38464,-2.5443 39.03387,0 8.58729,2.26429 18.86896,8.70194 22.1883,13.89277 1.24311,1.94397 3.01191,4.32129 3.93067,5.28293 1.81706,1.90186 5.37606,13.16484 6.44446,20.39443 1.3011,8.80485 1.6872,32.63299 0.6571,40.56355 -1.2981,9.9948 -4.8842,22.5577 -7.10156,24.8785 -0.91876,0.96164 -2.73008,3.40384 -4.02513,5.42711 -8.36768,13.07283 -35.45034,20.09917 -58.41776,15.15597 z m 225.14032,32.29834 c 6.05,-0.8454 11,-2.04618 11,-2.66838 0,-0.6222 0.8657,-1.13128 1.9237,-1.13128 3.5804,0 20.4404,-6.8533 23.2117,-9.43512 1.5142,-1.41068 3.2736,-2.56488 3.9097,-2.56488 0.6362,0 2.5893,-1.52494 4.3403,-3.38878 5.2171,-5.5533 7.977,-3.94084 11.4089,6.66538 1.6508,5.10214 3.8652,9.90807 4.9206,10.67986 2.0429,1.49376 15.8216,1.56608 18.2009,0.0956 2.1506,-1.32918 1.9714,-184.96478 -0.1825,-187.11872 -2.3871,-2.38714 -32.2445,-2.19723 -34.2488,0.21784 -1.0561,1.27254 -1.627,18.77093 -1.9033,58.33333 -0.3687,52.81119 -0.5753,57.08843 -3.153,65.25648 -5.2039,16.48983 -10.7249,23.6178 -22.6264,29.21216 -8.1345,3.82367 -26.3224,5.7742 -37.3762,4.00835 -15.9865,-2.55386 -24.8217,-9.1321 -31.3856,-23.36823 -3.0075,-6.52279 -3.0436,-7.24885 -3.3767,-67.9266 -0.1851,-33.73333 -0.6465,-62.68333 -1.0254,-64.33333 -0.6706,-2.92115 -1.1424,-3 -17.9498,-3 -15.7008,0 -17.3857,0.2331 -18.6412,2.57901 -1.8556,3.4671 -1.8328,110.80075 0.027,127.4796 3.0287,27.16133 15.028,47.26257 32.5461,54.52103 2.9076,1.20474 5.6076,2.68265 6,3.28422 2.4176,3.70676 35.2371,5.27739 54.38,2.60246 z M 524.69804,302.7328 c 0.73333,-0.55803 4.18897,-1.71124 7.67919,-2.56271 10.66488,-2.60178 20.96868,-7.85453 30.47662,-15.5366 9.91687,-8.01246 10.38752,-7.95034 12.4465,1.6427 0.50478,2.3519 2.05254,6.62482 3.43944,9.49537 2.13724,4.42357 3.46305,5.45624 8.69716,6.7742 5.38277,1.3554 6.71586,1.23928 10.38497,-0.90463 l 4.20945,-2.45964 v -61.92408 c 0,-54.19969 -0.29141,-63.20777 -2.33618,-72.21502 -4.4128,-19.43843 -8.47282,-27.44158 -19.2297,-37.90586 -2.50773,-2.43952 -8.7765,-5.78731 -21.10078,-11.2687 -12.32916,-5.48357 -57.92978,-7.22016 -77.62878,-2.95631 -5.70417,1.23467 -10.67122,2.59097 -11.03789,3.014 -0.36667,0.42304 -3.96481,2.26285 -7.99589,4.08848 -7.81508,3.53938 -19.00399,13.6448 -23.60513,21.31933 -4.4093,7.35454 -7.26712,19.66551 -6.80935,29.33334 l 0.41037,8.66666 16.47919,0.37555 c 17.98512,0.40985 20.18748,-0.28521 20.18748,-6.37117 0,-6.00996 3.82376,-15.02603 8.39004,-19.78291 9.54353,-9.94189 23.90212,-13.5562 43.76398,-11.01613 19.08283,2.44042 23.2355,3.83842 30.31868,10.20682 6.71672,6.03891 8.56724,10.19223 10.20643,22.90734 1.20329,9.33393 4.91979,8.1905 -46.67913,14.36134 -22.38066,2.67656 -38.72175,5.59087 -45,8.02539 -2.75,1.06636 -5,1.67603 -5,1.35479 0,-0.8448 -13.43361,3.90408 -18.78289,6.63988 -6.00556,3.07145 -11.84763,9.15441 -16.63398,17.31986 -3.51801,6.00171 -3.94288,8.0246 -4.3831,20.86912 -0.37662,10.9884 0.0448,15.8403 1.85285,21.33334 1.28719,3.91057 2.76217,7.41012 3.27775,7.77678 0.51557,0.36667 2.45216,3.08606 4.30354,6.04307 5.95324,9.50851 28.95783,21.95693 40.57624,21.95693 1.42428,0 3.15959,0.564 3.85625,1.25334 0.69667,0.68934 4.26667,1.51465 7.93334,1.83404 8.99256,0.78329 35.67089,-0.42288 37.33333,-1.68791 z m -31.48428,-29.89611 c -9.05741,-1.61708 -18.724,-6.79121 -22.51572,-12.05172 -1.1,-1.5261 -2.76052,-5.17704 -3.69004,-8.11318 -5.23261,-16.52864 8.43792,-27.03664 39.69004,-30.50819 1.83333,-0.20365 4.23333,-0.72129 5.33333,-1.15032 1.1,-0.42903 9.5,-1.44405 18.66667,-2.25563 9.16667,-0.81157 19.43504,-1.77388 22.8186,-2.13848 8.48804,-0.91461 9.66413,0.79832 8.45873,12.31986 -1.37089,13.10342 -5.12209,22.03953 -12.37889,29.48894 -7.66181,7.8652 -18.45565,13.13392 -30.46363,14.87 -11.14314,1.61106 -14.66273,1.54842 -25.91909,-0.46128 z M 47.172981,289.943 c 3.405457,-7.73135 6.19174,-14.51821 6.19174,-15.08192 0,-0.56371 1.05,-2.2186 2.333333,-3.67756 4.975737,-5.65664 6.041905,-9.04591 5.808626,-18.46517 -0.12784,-5.16176 0.442704,-12.68502 1.267871,-16.71835 0.825167,-4.03333 1.6063,-11.57617 1.735855,-16.76187 0.259166,-10.3738 2.227156,-14.71484 8.094436,-17.85492 4.27289,-2.28677 7.07105,-1.01481 10.09321,4.58808 1.5401,2.85524 1.6192,3.84614 0.34399,4.30919 -1.17258,0.42577 -1.27533,1.31261 -0.35199,3.03791 1.017,1.90028 0.28096,3.92389 -3.34398,9.19364 -2.55641,3.71636 -4.63468,8.12148 -4.61837,9.78916 0.0296,3.02244 0.037,3.02353 2.33333,0.34145 1.26703,-1.47989 3.7039,-3.86832 5.41527,-5.30764 l 3.11158,-2.61692 -1.69937,3.97429 c -0.93466,2.18587 -2.88331,5.31776 -4.33035,6.95976 -1.44704,1.64202 -2.79159,4.49188 -2.98789,6.33306 -0.1963,1.84117 -1.59785,5.09034 -3.11456,7.22036 -3.88456,5.45536 -3.46402,5.8601 2.13849,2.05813 6.74851,-4.57965 17.83495,-7.62256 23.73747,-6.51524 2.912018,0.54629 6.437538,2.65701 9.031548,5.40716 2.34022,2.48108 4.91834,4.51107 5.72914,4.51107 0.8108,0 2.88016,1.4966 4.59858,3.32576 2.43744,2.59454 3.14814,4.90453 3.23242,10.50632 l 0.10802,7.18056 5.10867,0.0783 c 7.73813,0.11854 12.84299,1.42734 20.72385,5.3131 8.03419,3.96136 17.76076,13.11898 20.2072,19.02522 L 169.68824,304 h 33.58779 c 30.39911,0 34.08626,-0.24285 38.83824,-2.55805 7.3539,-3.58288 10.99759,-7.38491 11.91875,-12.43668 0.43512,-2.38623 0.61276,-12.40023 0.39475,-22.25332 l -0.39639,-17.91472 -6.66667,-1.72623 c -3.66666,-0.94943 -10.08576,-1.7378 -14.26464,-1.75195 -6.27741,-0.0212 -8.22309,0.55363 -11.19469,3.30762 C 219.92718,250.5 217.54102,252 216.60279,252 c -0.93821,0 -5.62826,5.62592 -10.42234,12.50204 -10.16412,14.57836 -14.023,16.85199 -28.50939,16.79761 -11.04725,-0.0415 -32.93314,-5.32326 -36.34014,-8.77009 -3.56566,-3.60732 -5.25078,-12.38075 -3.44015,-17.91084 1.64132,-5.013 7.21927,-9.54716 22.43719,-18.23852 9.13688,-5.21831 10.95794,-5.73633 25.49066,-7.2512 12.51716,-1.30476 17.67059,-1.29203 25.73841,0.0636 10.24251,1.72104 26.35056,7.88759 37.17667,14.23211 l 5.96435,3.49533 v -83.54768 c 0,-58.27377 -0.4451,-84.428688 -1.47132,-86.460028 -2.36696,-4.68517 -9.14166,-10.11533 -13.67067,-10.95751 -2.30524,-0.42867 -8.02176,-0.59387 -12.70339,-0.36712 l -8.51204,0.4123 5.94067,6.66667 c 10.5616,11.85233 14.08799,22.94475 9.8808,31.080558 -1.75124,3.38652 -10.75271,9.5861 -13.91851,9.5861 -2.66514,0 -3.45781,-9.5711 -1.12876,-13.629248 2.60306,-4.53556 2.02944,-6.37858 -2.85216,-9.16401 -2.18624,-1.24747 -4.24806,-3.94362 -4.98753,-6.52198 -1.03848,-3.621 -2.24637,-4.68646 -6.85587,-6.04748 -3.07741,-0.90865 -5.86549,-1.3819 -6.19571,-1.05167 -1.05258,1.05257 -10.73874,-4.53074 -14.09126,-8.12252 -4.73714,-5.0752 -12.17509,-4.58438 -9.38998,0.61963 1.89069,3.53279 -2.06207,7.04706 -6.84942,6.08959 -2.03608,-0.40722 -8.68786,-0.18043 -14.78174,0.50398 -10.25582,1.15184 -11.40203,1.59291 -15.41311,5.93113 -2.76221,2.98749 -4.33333,6.05368 -4.33333,8.45688 0,6.41721 -11.97505,14.935698 -20.99617,14.935698 -3.02652,0 -3.25959,0.38787 -2.50383,4.16667 0.45833,2.29167 0.83333,6.80652 0.83333,10.033 0,5.11346 0.45173,6.03808 3.51981,7.20456 2.76713,1.05207 4.05016,0.85826 6,-0.90631 3.48266,-3.15177 3.1367,-4.07444 -2.18648,-5.83125 -2.56666,-0.84708 -4.66666,-2.04027 -4.66666,-2.65154 0,-2.37643 8.0006,-7.65804 16.04179,-10.59 7.90809,-2.88343 8.53391,-2.93177 10.10683,-0.78068 2.07679,2.84017 20.51804,3.96447 20.51804,1.25092 0,-2.32386 -3.57462,-3.58706 -12.62266,-4.46059 -7.59763,-0.73351 -8.01186,-0.96382 -9.19619,-5.112998 -0.98621,-3.45508 -0.77096,-4.86339 1.05107,-6.8767 2.79048,-3.08346 14.89706,-8.44508 19.06905,-8.44508 1.66764,0 3.03207,-0.525 3.03207,-1.16666 0,-2.1892 22.59852,-1.29906 29.61873,1.16666 12.22474,4.29372 21.33664,18.957598 16.43161,26.443618 -1.16151,1.77268 -2.6748,3.22305 -3.36289,3.22305 -0.6881,0 -3.63737,2.25 -6.55395,5 -12.85617,12.12188 -15.03053,13.81783 -17.18405,13.4031 -1.25553,-0.24179 -2.29347,-1.0314 -2.30652,-1.75469 -0.0351,-1.94607 -6.24501,-14.38463 -8.14523,-16.31508 -2.49665,-2.53637 -3.64726,-2.00448 -5.83104,2.69553 -3.15404,6.78826 -7.46208,8.11858 -16.56536,5.11539 -4.16933,-1.37548 -8.3136,-3.50328 -9.20946,-4.72846 -1.00732,-1.37758 -2.50579,-1.89108 -3.92702,-1.34571 -4.61113,1.76946 -2.04205,6.27279 4.51778,7.9192 1.90722,0.47869 5.3909,2.62692 7.7415,4.77386 4.88222,4.45922 5.23523,4.54432 8.81255,2.12449 1.44651,-0.97847 5.51955,-2.56751 9.05119,-3.53121 5.59902,-1.52783 6.68777,-1.48557 8.50341,0.33007 3.1386,3.1386 1.19759,10.76691 -3.98248,15.65131 -5.64263,5.32057 -12.44297,7.01145 -25.95803,6.45439 l -11.13203,-0.45886 3.74065,3.08679 c 6.81413,5.62305 9.1588,5.9486 21.352,2.96456 9.89096,-2.4206 27.00081,-14.90507 31.13485,-22.71801 1.35809,-2.56667 2.49579,-3.91667 2.52819,-3 0.0324,0.91666 1.22009,1.66666 2.63929,1.66666 1.73868,0 3.13081,-1.52222 4.26785,-4.66666 C 198.47438,122.1 199.64645,120 200.15085,120 c 3.50061,0 1.78416,23.85517 -2.14829,29.85687 -1.19371,1.82182 -4.89962,3.83372 -9.62292,5.22418 -13.0031,3.8279 -15.77083,4.0267 -22.1489,1.59088 -8.99497,-3.43521 -11.78426,-0.58246 -5.30328,5.42391 4.40475,4.08217 8.34615,5.23171 17.78966,5.1884 13.87718,-0.0636 21.66926,-5.45765 23.11437,-16.00085 0.99406,-7.2525 2.74329,-9.95006 6.45212,-9.95006 4.51236,0 11.54988,-6.42837 12.00405,-10.96501 0.93941,-9.38387 9.94557,-8.16921 16.36287,2.20688 3.77073,6.09687 4.04752,7.41792 4.04752,19.31793 0,15.04823 -2.66612,21.95287 -12.577,32.57164 -8.49364,9.1003 -29.23308,22.17804 -35.22207,22.21011 -0.84384,0.004 -3.15484,0.85367 -5.13554,1.887 -1.9807,1.03333 -9.6082,2.93016 -16.95002,4.21515 -11.33368,1.98368 -14.46334,2.08692 -20.73254,0.68393 -4.0611,-0.90883 -8.13359,-2.38141 -9.04999,-3.27241 -0.9164,-0.891 -5.18175,-3.09792 -9.47855,-4.90427 -4.29681,-1.80636 -9.39681,-4.99599 -11.33334,-7.08807 -1.93652,-2.09208 -5.32063,-5.62262 -7.52024,-7.84565 l -3.99929,-4.04189 3.99929,0.853 c 20.47191,4.3664 64.0185,7.94645 61.30442,5.03997 -0.74885,-0.80193 -5.80114,-2.08771 -11.22732,-2.85727 -9.17681,-1.3015 -10.22164,-1.79302 -14.96169,-7.03846 -2.80276,-3.10159 -5.44409,-6.69931 -5.86964,-7.99494 -0.42553,-1.29562 -2.98008,-3.49338 -5.67676,-4.88389 -7.49504,-3.86472 -10.8058,-7.51099 -9.91452,-10.91924 0.67732,-2.59005 0.39443,-2.81139 -2.44463,-1.91272 -8.73662,2.76545 -11.32002,2.45205 -14.9048,-1.80823 -3.80359,-4.52032 -4.97244,-5.06189 -4.97244,-2.30397 0,1.90555 22.0236,20.85041 24.23881,20.85041 2.45482,0 0.40262,5.75071 -2.90547,8.14175 -3.22134,2.32835 -3.75835,2.32056 -15.98281,-0.23159 -12.937168,-2.70094 -17.777378,-5.14228 -26.761048,-13.49793 -6.26769,-5.82953 -8.41118,-9.47968 -11.20381,-19.07889 -3.3028,-11.35287 -3.36048,-11.93544 -1.7132,-17.30278 1.13282,-3.69106 1.07757,-5.94814 -0.23442,-9.57637 -1.453,-4.01822 -1.41449,-5.04917 0.25083,-6.71449 1.73431,-1.73431 2.33293,-1.44052 5.0527,2.47978 C 84.887062,132.13139 94.189892,140 101.3116,140 c 2.01221,0 2.71978,-0.86719 2.71978,-3.33333 0,-1.83334 -0.5272,-3.33334 -1.17157,-3.33334 -0.64436,0 -1.95097,-1.88163 -2.903568,-4.1814 -0.95259,-2.29977 -4.02538,-7.23363 -6.82842,-10.96412 -5.5844,-7.43213 -6.5709,-13.53262 -3.15673,-19.521138 3.95774,-6.94194 6.27199,-12.88108 7.48316,-19.2042 0.68872,-3.59565 2.12023,-8.27749 3.181118,-10.4041 l 1.9289,-3.86657 -41.204201,0.4041 -41.204206,0.4041 -5.395571,5.2706 -5.3955702,5.27059 0.005,36.062738 0.005,36.06274 6.3283352,2.45228 c 3.480585,1.34876 7.758634,3.14312 9.506775,3.98748 3.45744,1.66994 17.488222,16.57796 17.488222,18.58162 0,0.6785 1.137964,2.83175 2.52881,4.78502 3.147827,4.42072 5.057701,11.68938 5.956706,22.67029 0.673003,8.2204 1.388753,9.71903 7.847817,16.43169 1.283334,1.33372 2.333334,3.44266 2.333334,4.68651 0,1.69077 -1.201314,1.10188 -4.759896,-2.33333 -4.643922,-4.48294 -4.805246,-4.52992 -6.621192,-1.92823 -4.274881,6.1246 -4.794232,6.35677 -12.493523,5.58516 -8.983026,-0.90025 -17.435556,-4.98499 -23.961469,-11.57951 l -4.8305862,-4.88137 0.666667,43.21589 0.6666672,43.21591 4.354368,3.88863 c 2.394903,2.13874 5.509493,3.88862 6.921311,3.88862 1.411817,0 2.937761,0.6 3.390987,1.33334 C 25.15128,303.4 29.000407,304 33.251671,304 h 7.72957 z m 61.710339,-59.26604 c -8.24787,-3.22164 -10.953138,-5.71743 -14.373728,-13.26073 -3.86085,-8.51419 -13.24983,-36.42239 -12.5042,-37.168 1.30184,-1.30186 13.68784,3.00664 20.692658,7.19797 8.16895,4.88789 11.0343,7.81563 13.90666,14.20941 1.07342,2.38942 2.75235,5.32964 3.73096,6.53386 2.49349,3.06829 12.1428,7.29105 22.36238,9.78626 4.76667,1.16383 9.86667,2.65427 11.33333,3.31207 1.46667,0.65781 5.66667,1.60684 9.33334,2.10896 6.05608,0.82932 6.36137,1.02984 3.33333,2.18941 -1.83333,0.70207 -9.93333,1.7979 -18,2.43519 -8.06667,0.63728 -17.66667,2.08669 -21.33333,3.22091 -8.43479,2.60913 -10.51742,2.54542 -18.4814,-0.56531 z M 58.528365,173.51232 c -6.610803,-4.19244 -14.8897,-13.5314 -17.063124,-19.24793 -2.617759,-6.88523 -5.433847,-21.09924 -5.418028,-27.34713 0.01903,-7.51648 2.584631,-17.64659 6.310671,-24.91726 3.820189,-7.454388 13.282078,-17.850948 17.123585,-18.815108 1.769121,-0.44402 3.216585,-1.31407 3.216585,-1.93343 0,-1.56275 8.971488,-3.90173 14.999998,-3.91069 4.86405,-0.007 5.00402,0.1285 5.14759,4.99256 0.0812,2.75 0.0323,6.5 -0.10855,8.33334 -0.3559,4.6318 -7.62541,14.874938 -13.6093,19.176238 -5.928266,4.26132 -7.195533,8.94358 -5.884358,21.7414 1.21637,11.87249 3.818008,20.96164 8.680468,30.32638 4.85446,9.34932 4.88548,9.57484 1.44081,10.47564 -1.46666,0.38355 -2.66666,1.65352 -2.66666,2.82218 0,3.3281 -5.44357,2.5694 -12.169694,-1.69619 z m 2.04317,127.93595 c -0.500978,-1.16322 -1.200265,-5.57452 -1.553972,-9.80291 -0.353705,-4.22839 -1.170292,-8.0138 -1.814638,-8.41203 -0.644346,-0.39822 -1.171538,0.22944 -1.171538,1.39483 0,1.16537 -1.5,5.68271 -3.333333,10.03851 -1.833333,4.3558 -3.333333,8.24257 -3.333333,8.63725 0,0.39469 2.726478,0.61449 6.058841,0.48844 4.980067,-0.18836 5.896663,-0.60573 5.147973,-2.34409 z m 47.459845,1.15218 c 0,-1.85733 -3.86069,-9.26712 -4.82841,-9.26712 -0.41796,0 -2.42419,1.18506 -4.458278,2.63346 -2.0341,1.44841 -5.27672,3.23356 -7.20583,3.967 -6.42415,2.44246 -3.8315,4.06621 6.49252,4.06621 6.093188,0 9.999998,-0.54677 9.999998,-1.39955 z m 302.14393,-0.93378 c 2.33224,-3.07234 2.54163,-27.11444 0.25607,-29.4 -1.17728,-1.17728 -12.78958,-1.6 -43.9531,-1.6 -40.50863,0 -42.41318,-0.11227 -43.73333,-2.57902 -0.91577,-1.71113 -1.38024,-35.78482 -1.38024,-101.25464 0,-71.209178 -0.41437,-98.931728 -1.48865,-99.595668 -1.22504,-0.75711 -12.25249,-0.9477 -35.51135,-0.61375 l -3,0.0431 v 117.272918 117.2729 l 4.33334,0.728 c 7.71286,1.29576 18.11992,1.56204 70.85301,1.81287 47.99048,0.22827 51.98494,0.0728 53.62425,-2.08669 z M 1265.098,302.4 c 1.1968,-1.19684 1.6,-16.65587 1.6,-61.35143 0,-33.37653 0.5364,-60.7734 1.2151,-62.06666 0.6683,-1.27339 2.2493,-5.31524 3.5132,-8.98191 3.0137,-8.74252 12.9328,-18.34217 22.0982,-21.38643 3.6909,-1.22592 12.0195,-2.40204 18.508,-2.61361 6.4885,-0.21156 12.4426,-0.78352 13.2314,-1.271 0.8751,-0.54085 1.4341,-6.31276 1.4341,-14.80765 0,-20.24505 -1.7723,-21.44788 -25.492,-17.30099 -14.4743,2.53051 -24.0647,7.20486 -33.2652,16.21339 -5.1935,5.08514 -8.0929,7.0122 -9.6509,6.41436 -1.3436,-0.51558 -3.3503,-4.63515 -5.0586,-10.38467 -1.5574,-5.24153 -3.5145,-9.97088 -4.3491,-10.50965 -0.8347,-0.53877 -5.2464,-0.98877 -9.804,-1 -6.8405,-0.0169 -8.5272,0.4296 -9.6666,2.5586 -2.1078,3.9384 -1.8952,184.37274 0.2197,186.48765 1.0682,1.06813 6.963,1.6 17.7334,1.6 10.7703,0 16.6652,-0.53187 17.7333,-1.6 z" />
</svg>
